731
426
482
421
699
734
322
695
112
893
718
378
454
922
244
238
912
512
819
791
885
74
759
145
996
170
591
534
779
834
306
702
111
308
131
855
657
106
650
811
720
684
116
982
12
626
921
997
329
335
276
734
713
867
803
147
905
769
413
540
446
972
384
459
722
761
526
822
359
235
521
162
839
820
836
576
872
299
866
415
680
707
970
780
269
384
544
22
278
986
780
489
141
860
186
557
820
980
752
332
470
132
329
846
766
670
114
838
42
559
508
117
836
690
898
509
196
650
954
896
929
514
829
560
303
156
712
466
994
582
249
827
31
960
540
82
130
416
981
805
372
382
226
742
321
772
186
141
966
109
683
846
70
459
372
626
907
283
290
171
254
506
582
949
457
522
699
867
647
527
786
2
78
712
976
870
477
996
6
924
635
378
420
841
494
821
612
346
879
453
155
100
493
951
192
498
951
249
526
164
451
60
420
109
99
259
81
370
426
359
547
895
510
734
111
809
493
729
713
245
699
816
741
27
934
894
617
441
72
245
954
691
992
752
337
628
737
132
868
124
519
435
331
812
54
912
240
10
559
43
138
145
425
982
743
218
762
295
242
261
637
888
268
577
627
369
745
522
29
37
316
36
671
416
426
207
198
796
106
428
468
860
150
917
96
325
248
673
244
46
864
611
302
723
872
231
207
907
700
491
587
50
511
872
670
97
53
384
284
314
294
874
359
440
244
288
944
767
189
270
535
213
436
535
285
116
628
209
879
935
378
195
832
613
838
480
804
73
664
967
413
602
33
871
121
25
334
596
996
441
111
444
1
577
619
44
961
955
642
300
292
164
249
903
305
947
654
361
557
483
474
55
850
670
528
203
400
39
463
878
717
506
513
546
36
783
645
772
185
767
622
809
233
707
744
704
112
651
15
718
275
815
293
661
437
966
735
372
322
699
668
669
281
904
693
233
656
577
547
390
991
376
657
617
488
56
939
475
977
150
257
375
309
368
493
469
402
88
328
373
930
339
975
622
521
583
456
144
229
808
232
862
46
418
787
889
348
85
229
397
207
930
275
327
841
679
427
613
857
767
726
434
203
304
333
944
238
370
808
659
461
967
959
305
86
415
993
362
3
461
425
374
172
559
899
23
933
810
99
736
909
816
392
925
863
597
460
617
575
36
953
385
896
658
689
300
290
74
887
146
767
647
512
952
617
48
954
68
48
447
501
440
427
656
560
829
820
367
200
901
394
77
861
26
885
611
953
216
338
914
331
93
283
239
182
353
958
220
830
514
280
516
465
636
911
158
242
920
142
258
668
828
179
896
301
564
444
178
74
422
802
922
779
779
621
236
146
954
140
956
682
423
260
717
409
803
723
176
393
899
939
697
742
614
557
282
400
671
869
742
509
476
629
37
898
171
968
434
83
71
804
69
230
470
887
430
267
960
308
124
392
928
8
864
983
8
525
652
498
780
380
628
716
892
793
773
62
411
802
223
409
601
30
349
985
757
273
385
301
642
206
261
309
858
272
56
67
113
637
908
647
737
23
237
924
525
571
867
232
117
191
822
944
693
939
197
450
935
671
615
454
811
311
427
58
175
706
975
954
266
683
905
599
729
497
316
893
993
284
858
113
277
817
22
599
784
347
276
363
383
346
419
414
570
470
500
781
169
522
621
631
227
723
487
35
339
418
605
936
133
145
840
202
514
954
355
904
232
251
126
926
707
969
165
461
554
602
688
705
809
59
283
578
774
540
769
756
10
769
622
219
679
89
617
430
943
763
254
396
562
57
710
605
528
574
235
59
16
537
608
393
149
943
978
93
222
999
659
819
867
858
567
681
389
942
814
647
329
343
919
281
47
46
177
713
783
168
482
593
383
389
343
54
641
843
454
119
426
512
484
856
116
518
547
101
47
441
921
628
894
686
482
158
813
569
255
402
350
652
640
33
925
499
845
73
117
702
544
73
319
777
60
285
327
325
926
473
276
787
577
741
377
661
4
965
216
944
994
111
450
0
812
641
916
729
821
728
320
173
991
931
940
520
13
691
663
720
415
441
995
545
15
609
106
968
814
450
319
724
337
888
209
130
376
722
541
289
950
207
593
213
271
328
52
164
182
521
232
193
429
30
227
360
483
867
871
413
860
529
347
520
245
59
159
277
588
830
440
709
914
841
885
502
518
831
469
937
79
126
820
352
479
8
744
179
822
783
509
452
282
482
84
307
779
843
350
973
265
167
133
386
530
100
260
401
198
454
252
938
723
503
14
146
925
834
267
750
942
115
716